name: barney
channels:
  - anaconda
  - conda-forge
  - defaults
dependencies:
  - aiohttp=3.7.4.post0=py39hb82d6ee_0
  - async-timeout=3.0.1=py_1000
  - attrs=21.2.0=pyhd8ed1ab_0
  - backcall=0.2.0=pyhd3eb1b0_0
  - beautifulsoup4=4.9.3=pyhb0f4dca_0
  - brotlipy=0.7.0=py39h2bbff1b_1003
  - ca-certificates=2020.10.14=0
  - certifi=2021.10.8=py39haa95532_2
  - cffi=1.14.6=py39h2bbff1b_0
  - chardet=4.0.0=py39hcbf5309_1
  - charset-normalizer=2.0.4=pyhd3eb1b0_0
  - click=8.0.1=pyhd3eb1b0_0
  - colorama=0.4.4=pyhd3eb1b0_0
  - cryptography=3.4.7=py39h71e12ea_0
  - debugpy=1.4.1=py39hd77b12b_0
  - decorator=5.0.9=pyhd3eb1b0_0
  - discord.py=1.7.3=pyhd8ed1ab_0
  - idna=3.1=pyhd3deb0d_0
  - importlib-metadata=3.10.0=py39haa95532_0
  - ipykernel=6.4.1=py39haa95532_1
  - ipython=7.26.0=py39hd4e2768_0
  - ipython_genutils=0.2.0=pyhd3eb1b0_1
  - jedi=0.18.0=py39haa95532_1
  - joblib=1.0.1=pyhd3eb1b0_0
  - jupyter_client=6.1.12=pyhd3eb1b0_0
  - jupyter_core=4.7.1=py39haa95532_0
  - libiconv=1.15=vc14h29686d3_5
  - libxml2=2.9.10=hb89e7f3_3
  - libxslt=1.1.34=he774522_0
  - lxml=4.6.3=py39h9b66d53_0
  - matplotlib-inline=0.1.2=pyhd3eb1b0_2
  - multidict=5.1.0=py39hb82d6ee_1
  - nltk=3.6.2=pyhd3eb1b0_0
  - openssl=1.1.1m=h2bbff1b_0
  - parso=0.8.2=pyhd3eb1b0_0
  - pickleshare=0.7.5=pyhd3eb1b0_1003
  - pip=21.2.4=pyhd8ed1ab_0
  - prompt-toolkit=3.0.17=pyh06a4308_0
  - pycparser=2.20=py_2
  - pygments=2.10.0=pyhd3eb1b0_0
  - pyopenssl=20.0.1=pyhd3eb1b0_1
  - pysocks=1.7.1=py39haa95532_0
  - python=3.9.6=h7840368_1_cpython
  - python-dateutil=2.8.2=pyhd3eb1b0_0
  - python_abi=3.9=2_cp39
  - pywin32=228=py39hbaba5e8_1
  - pyzmq=22.2.1=py39hd77b12b_1
  - regex=2021.8.3=py39h2bbff1b_0
  - requests=2.26.0=pyhd3eb1b0_0
  - selenium=3.141.0=py39h2bbff1b_1000
  - setuptools=57.4.0=py39hcbf5309_0
  - six=1.16.0=pyhd3eb1b0_0
  - soupsieve=2.0.1=py_0
  - sqlite=3.36.0=h8ffe710_0
  - tornado=6.1=py39h2bbff1b_0
  - tqdm=4.62.1=pyhd3eb1b0_1
  - traitlets=5.0.5=pyhd3eb1b0_0
  - typing-extensions=3.10.0.0=hd8ed1ab_0
  - typing_extensions=3.10.0.0=pyha770c72_0
  - tzdata=2021a=he74cb21_1
  - ucrt=10.0.20348.0=h57928b3_0
  - urllib3=1.26.6=pyhd3eb1b0_1
  - vc=14.2=hb210afc_5
  - vs2015_runtime=14.29.30037=h902a5da_5
  - wcwidth=0.2.5=py_0
  - wheel=0.37.0=pyhd8ed1ab_1
  - win_inet_pton=1.1.0=py39haa95532_0
  - yarl=1.6.3=py39hb82d6ee_2
  - zipp=3.5.0=pyhd3eb1b0_0
  - zlib=1.2.11=vc14h1cdd9ab_1
  - pip:
    - asyncio==3.4.3
    - botocore==1.24.3
    - gql==3.0.0
    - graphql-core==3.2.0
    - jmespath==0.10.0
    - requests-toolbelt==0.9.1
    - websockets==10.2
prefix: C:\Users\jbere\.conda\envs\barney
